1.75430689328e-06 4.68926982285e-07 -3.97859872387e-06 2.0374348276e-06 -2.10506603502e-06 3.66382893752e-06 0.000172000373487 -0.000130129391719 2.44978985595e-05 
4.68926982285e-07 1.28883773804e-06 9.16435362217e-08 4.21316153469e-05 -2.71077696017e-05 3.10034397805e-06 -0.000350715058007 -0.000267395252636 -0.000235664751084 
-3.97859872387e-06 9.16435362217e-08 5.74980337834e-05 0.000200480793943 -7.08145078383e-05 -3.10935230497e-05 -0.0023718266639 -0.000597336087844 -0.00125058813698 
2.0374348276e-06 4.21316153469e-05 0.000200480793943 0.00280019479839 -0.0017052416815 -3.16195268301e-05 -0.011464031663 -0.0120477568139 -0.0097375512819 
-2.10506603502e-06 -2.71077696017e-05 -7.08145078383e-05 -0.0017052416815 0.00130492087197 2.7243902063e-06 0.000563506125845 0.0141711249824 0.00529453725516 
3.66382893752e-06 3.10034397805e-06 -3.10935230497e-05 -3.16195268301e-05 2.7243902063e-06 0.000379062593167 -0.00139525597961 -0.000965730779814 0.000302402117478 
0.000172000373487 -0.000350715058007 -0.0023718266639 -0.011464031663 0.000563506125845 -0.00139525597961 5.6710422186 -3.0346904103 -1.74964120731 
-0.000130129391719 -0.000267395252636 -0.000597336087844 -0.0120477568139 0.0141711249824 -0.000965730779814 -3.0346904103 8.33241733526 -2.37488328658 
2.44978985595e-05 -0.000235664751084 -0.00125058813698 -0.0097375512819 0.00529453725516 0.000302402117478 -1.74964120731 -2.37488328658 4.94957437574 
