1.75430689328e-06 4.68926982285e-07 -3.97859872387e-06 2.0374348276e-06 -2.10506603502e-06 3.66382893752e-06 
4.68926982285e-07 1.28883773804e-06 9.16435362217e-08 4.21316153469e-05 -2.71077696017e-05 3.10034397805e-06 
-3.97859872387e-06 9.16435362217e-08 5.74980337834e-05 0.000200480793943 -7.08145078383e-05 -3.10935230497e-05 
2.0374348276e-06 4.21316153469e-05 0.000200480793943 0.00280019479839 -0.0017052416815 -3.16195268301e-05 
-2.10506603502e-06 -2.71077696017e-05 -7.08145078383e-05 -0.0017052416815 0.00130492087197 2.7243902063e-06 
3.66382893752e-06 3.10034397805e-06 -3.10935230497e-05 -3.16195268301e-05 2.7243902063e-06 0.000379062593167 

