2.5544164971e-06 5.66577847543e-07 -6.51885730094e-06 -4.91710624529e-06 3.38245082956e-06 3.35070823747e-07 0.000155395304645 4.08666351955e-05 -0.00016047582422 
5.66577847543e-07 1.36911595162e-06 -1.27235117606e-06 3.65053239197e-05 -2.50434706208e-05 2.31865361663e-06 -7.22907538588e-06 0.000110357884962 -4.6657423903e-05 
-6.51885730094e-06 -1.27235117606e-06 8.80095915676e-05 0.000270391057803 -9.08096085973e-05 -1.1615950999e-05 -0.00171281321431 -0.000611866582316 -0.000978154702019 
-4.91710624529e-06 3.65053239197e-05 0.000270391057803 0.00271280204239 -0.0015615011623 1.63546654418e-05 0.00846884048262 0.0020491097284 -0.00429908213378 
3.38245082956e-06 -2.50434706208e-05 -9.08096085973e-05 -0.0015615011623 0.00109896260071 -2.56817729702e-05 -0.0228522125301 -0.00833197478034 -0.0029409973716 
3.35070823747e-07 2.31865361663e-06 -1.1615950999e-05 1.63546654418e-05 -2.56817729702e-05 0.000371483948475 -0.000567032194058 0.00466907174385 -0.00214106887377 
0.000155395304645 -7.22907538588e-06 -0.00171281321431 0.00846884048262 -0.0228522125301 -0.000567032194058 8.06275541227 -0.54218551563 0.0233278095783 
4.08666351955e-05 0.000110357884962 -0.000611866582316 0.0020491097284 -0.00833197478034 0.00466907174385 -0.54218551563 12.7584472375 -0.141541834144 
-0.00016047582422 -4.6657423903e-05 -0.000978154702019 -0.00429908213378 -0.0029409973716 -0.00214106887377 0.0233278095783 -0.141541834144 5.3808904776 
