   2.825391113E+03  -4.617240906E+02   4.063145447E+01  -9.636012316E-01  -2.494202614E+01  -1.864739227E+01   0.000000000E+00   0.000000000E+00   0.000000000E+00   0.000000000E+00   0.000000000E+00   0.000000000E+00   0.000000000E+00   0.000000000E+00   0.000000000E+00   0.000000000E+00   0.000000000E+00   0.000000000E+00   0.000000000E+00   0.000000000E+00   0.000000000E+00   0.000000000E+00   0.000000000E+00   0.000000000E+00   0.000000000E+00   0.000000000E+00   0.000000000E+00   0.000000000E+00   0.000000000E+00   0.000000000E+00   0.000000000E+00   0.000000000E+00   0.000000000E+00   0.000000000E+00   0.000000000E+00   0.000000000E+00   0.000000000E+00
  -4.617240906E+02   3.491067627E+03  -6.123425293E+02   3.936415100E+01  -9.453674555E-01  -2.116553116E+01  -1.414739895E+01   0.000000000E+00   0.000000000E+00   0.000000000E+00   0.000000000E+00   0.000000000E+00   0.000000000E+00   0.000000000E+00   0.000000000E+00   0.000000000E+00   0.000000000E+00   0.000000000E+00   0.000000000E+00   0.000000000E+00   0.000000000E+00   0.000000000E+00   0.000000000E+00   0.000000000E+00   0.000000000E+00   0.000000000E+00   0.000000000E+00   0.000000000E+00   0.000000000E+00   0.000000000E+00   0.000000000E+00   0.000000000E+00   0.000000000E+00   0.000000000E+00   0.000000000E+00   0.000000000E+00   0.000000000E+00
   4.063145447E+01  -6.123425293E+02   4.969380859E+03  -6.367443237E+02   4.145112991E+01  -8.610537052E-01  -1.723534012E+01  -1.443773460E+01   0.000000000E+00   0.000000000E+00   0.000000000E+00   0.000000000E+00   0.000000000E+00   0.000000000E+00   0.000000000E+00   0.000000000E+00   0.000000000E+00   0.000000000E+00   0.000000000E+00   0.000000000E+00   0.000000000E+00   0.000000000E+00   0.000000000E+00   0.000000000E+00   0.000000000E+00   0.000000000E+00   0.000000000E+00   0.000000000E+00   0.000000000E+00   0.000000000E+00   0.000000000E+00   0.000000000E+00   0.000000000E+00   0.000000000E+00   0.000000000E+00   0.000000000E+00   0.000000000E+00
  -9.636012316E-01   3.936415100E+01  -6.367443237E+02   3.774849365E+03  -4.898095093E+02   2.757989693E+01  -5.122094750E-01  -1.284898853E+01  -1.467999458E+01   0.000000000E+00   0.000000000E+00   0.000000000E+00   0.000000000E+00   0.000000000E+00   0.000000000E+00   0.000000000E+00   0.000000000E+00   0.000000000E+00   0.000000000E+00   0.000000000E+00   0.000000000E+00   0.000000000E+00   0.000000000E+00   0.000000000E+00   0.000000000E+00   0.000000000E+00   0.000000000E+00   0.000000000E+00   0.000000000E+00   0.000000000E+00   0.000000000E+00   0.000000000E+00   0.000000000E+00   0.000000000E+00   0.000000000E+00   0.000000000E+00   0.000000000E+00
  -2.494202614E+01  -9.453674555E-01   4.145112991E+01  -4.898095093E+02   2.940536133E+03  -3.300260620E+02   1.661401939E+01  -3.866886795E-01  -1.323002243E+01  -1.226847649E+01   0.000000000E+00   0.000000000E+00   0.000000000E+00   0.000000000E+00   0.000000000E+00   0.000000000E+00   0.000000000E+00   0.000000000E+00   0.000000000E+00   0.000000000E+00   0.000000000E+00   0.000000000E+00   0.000000000E+00   0.000000000E+00   0.000000000E+00   0.000000000E+00   0.000000000E+00   0.000000000E+00   0.000000000E+00   0.000000000E+00   0.000000000E+00   0.000000000E+00   0.000000000E+00   0.000000000E+00   0.000000000E+00   0.000000000E+00   0.000000000E+00
  -1.864739227E+01  -2.116553116E+01  -8.610537052E-01   2.757989693E+01  -3.300260620E+02   1.713727173E+03  -1.719588318E+02   1.084882641E+01  -3.443873823E-01  -9.563556671E+00  -8.786118507E+00   0.000000000E+00   0.000000000E+00   0.000000000E+00   0.000000000E+00   0.000000000E+00   0.000000000E+00   0.000000000E+00   0.000000000E+00   0.000000000E+00   0.000000000E+00   0.000000000E+00   0.000000000E+00   0.000000000E+00   0.000000000E+00   0.000000000E+00   0.000000000E+00   0.000000000E+00   0.000000000E+00   0.000000000E+00   0.000000000E+00   0.000000000E+00   0.000000000E+00   0.000000000E+00   0.000000000E+00   0.000000000E+00   0.000000000E+00
   0.000000000E+00  -1.414739895E+01  -1.723534012E+01  -5.122094750E-01   1.661401939E+01  -1.719588318E+02   7.983236694E+02  -1.003907242E+02   8.638325691E+00  -2.225702852E-01  -6.123320103E+00  -5.102333069E+00   0.000000000E+00   0.000000000E+00   0.000000000E+00   0.000000000E+00   0.000000000E+00   0.000000000E+00   0.000000000E+00   0.000000000E+00   0.000000000E+00   0.000000000E+00   0.000000000E+00   0.000000000E+00   0.000000000E+00   0.000000000E+00   0.000000000E+00   0.000000000E+00   0.000000000E+00   0.000000000E+00   0.000000000E+00   0.000000000E+00   0.000000000E+00   0.000000000E+00   0.000000000E+00   0.000000000E+00   0.000000000E+00
   0.000000000E+00   0.000000000E+00  -1.443773460E+01  -1.284898853E+01  -3.866886795E-01   1.084882641E+01  -1.003907242E+02   5.840901489E+02  -1.001779633E+02   6.996507645E+00  -1.785938442E-01  -4.456464291E+00  -3.653822184E+00   0.000000000E+00   0.000000000E+00   0.000000000E+00   0.000000000E+00   0.000000000E+00   0.000000000E+00   0.000000000E+00   0.000000000E+00   0.000000000E+00   0.000000000E+00   0.000000000E+00   0.000000000E+00   0.000000000E+00   0.000000000E+00   0.000000000E+00   0.000000000E+00   0.000000000E+00   0.000000000E+00   0.000000000E+00   0.000000000E+00   0.000000000E+00   0.000000000E+00   0.000000000E+00   0.000000000E+00
   0.000000000E+00   0.000000000E+00   0.000000000E+00  -1.467999458E+01  -1.323002243E+01  -3.443873823E-01   8.638325691E+00  -1.001779633E+02   7.949434814E+02  -1.106628036E+02   7.656994820E+00  -1.772750914E-01  -4.352580547E+00  -4.012270451E+00   0.000000000E+00   0.000000000E+00   0.000000000E+00   0.000000000E+00   0.000000000E+00   0.000000000E+00   0.000000000E+00   0.000000000E+00   0.000000000E+00   0.000000000E+00   0.000000000E+00   0.000000000E+00   0.000000000E+00   0.000000000E+00   0.000000000E+00   0.000000000E+00   0.000000000E+00   0.000000000E+00   0.000000000E+00   0.000000000E+00   0.000000000E+00   0.000000000E+00   0.000000000E+00
   0.000000000E+00   0.000000000E+00   0.000000000E+00   0.000000000E+00  -1.226847649E+01  -9.563556671E+00  -2.225702852E-01   6.996507645E+00  -1.106628036E+02   7.127526245E+02  -9.829960632E+01   6.168970585E+00  -1.405326277E-01  -3.879383326E+00  -4.093832970E+00   0.000000000E+00   0.000000000E+00   0.000000000E+00   0.000000000E+00   0.000000000E+00   0.000000000E+00   0.000000000E+00   0.000000000E+00   0.000000000E+00   0.000000000E+00   0.000000000E+00   0.000000000E+00   0.000000000E+00   0.000000000E+00   0.000000000E+00   0.000000000E+00   0.000000000E+00   0.000000000E+00   0.000000000E+00   0.000000000E+00   0.000000000E+00   0.000000000E+00
   0.000000000E+00   0.000000000E+00   0.000000000E+00   0.000000000E+00   0.000000000E+00  -8.786118507E+00  -6.123320103E+00  -1.785938442E-01   7.656994820E+00  -9.829960632E+01   6.272440186E+02  -7.846097565E+01   4.844954491E+00  -1.240910962E-01  -3.921481848E+00  -3.485600710E+00   0.000000000E+00   0.000000000E+00   0.000000000E+00   0.000000000E+00   0.000000000E+00   0.000000000E+00   0.000000000E+00   0.000000000E+00   0.000000000E+00   0.000000000E+00   0.000000000E+00   0.000000000E+00   0.000000000E+00   0.000000000E+00   0.000000000E+00   0.000000000E+00   0.000000000E+00   0.000000000E+00   0.000000000E+00   0.000000000E+00   0.000000000E+00
   0.000000000E+00   0.000000000E+00   0.000000000E+00   0.000000000E+00   0.000000000E+00   0.000000000E+00  -5.102333069E+00  -4.456464291E+00  -1.772750914E-01   6.168970585E+00  -7.846097565E+01   4.540907288E+02  -5.589010620E+01   3.880229235E+00  -1.137712002E-01  -3.028321028E+00  -2.892973900E+00   0.000000000E+00   0.000000000E+00   0.000000000E+00   0.000000000E+00   0.000000000E+00   0.000000000E+00   0.000000000E+00   0.000000000E+00   0.000000000E+00   0.000000000E+00   0.000000000E+00   0.000000000E+00   0.000000000E+00   0.000000000E+00   0.000000000E+00   0.000000000E+00   0.000000000E+00   0.000000000E+00   0.000000000E+00   0.000000000E+00
   0.000000000E+00   0.000000000E+00   0.000000000E+00   0.000000000E+00   0.000000000E+00   0.000000000E+00   0.000000000E+00  -3.653822184E+00  -4.352580547E+00  -1.405326277E-01   4.844954491E+00  -5.589010620E+01   3.182723999E+02  -4.404308319E+01   3.500452757E+00  -8.644884080E-02  -2.473112583E+00  -2.142916918E+00   0.000000000E+00   0.000000000E+00   0.000000000E+00   0.000000000E+00   0.000000000E+00   0.000000000E+00   0.000000000E+00   0.000000000E+00   0.000000000E+00   0.000000000E+00   0.000000000E+00   0.000000000E+00   0.000000000E+00   0.000000000E+00   0.000000000E+00   0.000000000E+00   0.000000000E+00   0.000000000E+00   0.000000000E+00
   0.000000000E+00   0.000000000E+00   0.000000000E+00   0.000000000E+00   0.000000000E+00   0.000000000E+00   0.000000000E+00   0.000000000E+00  -4.012270451E+00  -3.879383326E+00  -1.240910962E-01   3.880229235E+00  -4.404308319E+01   2.819864197E+02  -4.467154694E+01   2.990456581E+00  -7.937569916E-02  -2.059639215E+00  -1.753913403E+00   0.000000000E+00   0.000000000E+00   0.000000000E+00   0.000000000E+00   0.000000000E+00   0.000000000E+00   0.000000000E+00   0.000000000E+00   0.000000000E+00   0.000000000E+00   0.000000000E+00   0.000000000E+00   0.000000000E+00   0.000000000E+00   0.000000000E+00   0.000000000E+00   0.000000000E+00   0.000000000E+00
   0.000000000E+00   0.000000000E+00   0.000000000E+00   0.000000000E+00   0.000000000E+00   0.000000000E+00   0.000000000E+00   0.000000000E+00   0.000000000E+00  -4.093832970E+00  -3.921481848E+00  -1.137712002E-01   3.500452757E+00  -4.467154694E+01   3.274202576E+02  -4.368861771E+01   3.143329620E+00  -7.567612827E-02  -1.929825425E+00  -1.882478714E+00   0.000000000E+00   0.000000000E+00   0.000000000E+00   0.000000000E+00   0.000000000E+00   0.000000000E+00   0.000000000E+00   0.000000000E+00   0.000000000E+00   0.000000000E+00   0.000000000E+00   0.000000000E+00   0.000000000E+00   0.000000000E+00   0.000000000E+00   0.000000000E+00   0.000000000E+00
   0.000000000E+00   0.000000000E+00   0.000000000E+00   0.000000000E+00   0.000000000E+00   0.000000000E+00   0.000000000E+00   0.000000000E+00   0.000000000E+00   0.000000000E+00  -3.485600710E+00  -3.028321028E+00  -8.644884080E-02   2.990456581E+00  -4.368861771E+01   2.697135925E+02  -3.867949295E+01   2.524185419E+00  -5.972357094E-02  -1.744616389E+00  -1.678341866E+00   0.000000000E+00   0.000000000E+00   0.000000000E+00   0.000000000E+00   0.000000000E+00   0.000000000E+00   0.000000000E+00   0.000000000E+00   0.000000000E+00   0.000000000E+00   0.000000000E+00   0.000000000E+00   0.000000000E+00   0.000000000E+00   0.000000000E+00   0.000000000E+00
   0.000000000E+00   0.000000000E+00   0.000000000E+00   0.000000000E+00   0.000000000E+00   0.000000000E+00   0.000000000E+00   0.000000000E+00   0.000000000E+00   0.000000000E+00   0.000000000E+00  -2.892973900E+00  -2.473112583E+00  -7.937569916E-02   3.143329620E+00  -3.867949295E+01   2.566435852E+02  -3.338314438E+01   2.141032457E+00  -5.802869797E-02  -1.671727300E+00  -1.878086209E+00   0.000000000E+00   0.000000000E+00   0.000000000E+00   0.000000000E+00   0.000000000E+00   0.000000000E+00   0.000000000E+00   0.000000000E+00   0.000000000E+00   0.000000000E+00   0.000000000E+00   0.000000000E+00   0.000000000E+00   0.000000000E+00   0.000000000E+00
   0.000000000E+00   0.000000000E+00   0.000000000E+00   0.000000000E+00   0.000000000E+00   0.000000000E+00   0.000000000E+00   0.000000000E+00   0.000000000E+00   0.000000000E+00   0.000000000E+00   0.000000000E+00  -2.142916918E+00  -2.059639215E+00  -7.567612827E-02   2.524185419E+00  -3.338314438E+01   2.009073181E+02  -2.568313789E+01   1.886857867E+00  -5.043444037E-02  -1.696756124E+00  -1.751741052E+00   0.000000000E+00   0.000000000E+00   0.000000000E+00   0.000000000E+00   0.000000000E+00   0.000000000E+00   0.000000000E+00   0.000000000E+00   0.000000000E+00   0.000000000E+00   0.000000000E+00   0.000000000E+00   0.000000000E+00   0.000000000E+00
   0.000000000E+00   0.000000000E+00   0.000000000E+00   0.000000000E+00   0.000000000E+00   0.000000000E+00   0.000000000E+00   0.000000000E+00   0.000000000E+00   0.000000000E+00   0.000000000E+00   0.000000000E+00   0.000000000E+00  -1.753913403E+00  -1.929825425E+00  -5.972357094E-02   2.141032457E+00  -2.568313789E+01   1.519050293E+02  -2.224434280E+01   1.611681104E+00  -5.030795932E-02  -1.555354238E+00  -1.727105260E+00   0.000000000E+00   0.000000000E+00   0.000000000E+00   0.000000000E+00   0.000000000E+00   0.000000000E+00   0.000000000E+00   0.000000000E+00   0.000000000E+00   0.000000000E+00   0.000000000E+00   0.000000000E+00   0.000000000E+00
   0.000000000E+00   0.000000000E+00   0.000000000E+00   0.000000000E+00   0.000000000E+00   0.000000000E+00   0.000000000E+00   0.000000000E+00   0.000000000E+00   0.000000000E+00   0.000000000E+00   0.000000000E+00   0.000000000E+00   0.000000000E+00  -1.882478714E+00  -1.744616389E+00  -5.802869797E-02   1.886857867E+00  -2.224434280E+01   1.507088318E+02  -2.176479340E+01   1.841550708E+00  -5.282526091E-02  -1.756601691E+00  -1.807247519E+00   0.000000000E+00   0.000000000E+00   0.000000000E+00   0.000000000E+00   0.000000000E+00   0.000000000E+00   0.000000000E+00   0.000000000E+00   0.000000000E+00   0.000000000E+00   0.000000000E+00   0.000000000E+00
   0.000000000E+00   0.000000000E+00   0.000000000E+00   0.000000000E+00   0.000000000E+00   0.000000000E+00   0.000000000E+00   0.000000000E+00   0.000000000E+00   0.000000000E+00   0.000000000E+00   0.000000000E+00   0.000000000E+00   0.000000000E+00   0.000000000E+00  -1.678341866E+00  -1.671727300E+00  -5.043444037E-02   1.611681104E+00  -2.176479340E+01   1.454260101E+02  -2.452604675E+01   1.907027960E+00  -5.883748084E-02  -1.812761068E+00  -1.870800495E+00   0.000000000E+00   0.000000000E+00   0.000000000E+00   0.000000000E+00   0.000000000E+00   0.000000000E+00   0.000000000E+00   0.000000000E+00   0.000000000E+00   0.000000000E+00   0.000000000E+00
   0.000000000E+00   0.000000000E+00   0.000000000E+00   0.000000000E+00   0.000000000E+00   0.000000000E+00   0.000000000E+00   0.000000000E+00   0.000000000E+00   0.000000000E+00   0.000000000E+00   0.000000000E+00   0.000000000E+00   0.000000000E+00   0.000000000E+00   0.000000000E+00  -1.878086209E+00  -1.696756124E+00  -5.030795932E-02   1.841550708E+00  -2.452604675E+01   1.913747864E+02  -2.965995789E+01   2.480499029E+00  -7.090730220E-02  -2.191391706E+00  -2.581977367E+00   0.000000000E+00   0.000000000E+00   0.000000000E+00   0.000000000E+00   0.000000000E+00   0.000000000E+00   0.000000000E+00   0.000000000E+00   0.000000000E+00   0.000000000E+00
   0.000000000E+00   0.000000000E+00   0.000000000E+00   0.000000000E+00   0.000000000E+00   0.000000000E+00   0.000000000E+00   0.000000000E+00   0.000000000E+00   0.000000000E+00   0.000000000E+00   0.000000000E+00   0.000000000E+00   0.000000000E+00   0.000000000E+00   0.000000000E+00   0.000000000E+00  -1.751741052E+00  -1.555354238E+00  -5.282526091E-02   1.907027960E+00  -2.965995789E+01   2.126807098E+02  -3.545299530E+01   2.747111797E+00  -7.877179980E-02  -2.779363394E+00  -3.391024828E+00   0.000000000E+00   0.000000000E+00   0.000000000E+00   0.000000000E+00   0.000000000E+00   0.000000000E+00   0.000000000E+00   0.000000000E+00   0.000000000E+00
   0.000000000E+00   0.000000000E+00   0.000000000E+00   0.000000000E+00   0.000000000E+00   0.000000000E+00   0.000000000E+00   0.000000000E+00   0.000000000E+00   0.000000000E+00   0.000000000E+00   0.000000000E+00   0.000000000E+00   0.000000000E+00   0.000000000E+00   0.000000000E+00   0.000000000E+00   0.000000000E+00  -1.727105260E+00  -1.756601691E+00  -5.883748084E-02   2.480499029E+00  -3.545299530E+01   2.734321289E+02  -4.223079300E+01   3.282427788E+00  -1.074571013E-01  -3.926114082E+00  -4.639043331E+00   0.000000000E+00   0.000000000E+00   0.000000000E+00   0.000000000E+00   0.000000000E+00   0.000000000E+00   0.000000000E+00   0.000000000E+00
   0.000000000E+00   0.000000000E+00   0.000000000E+00   0.000000000E+00   0.000000000E+00   0.000000000E+00   0.000000000E+00   0.000000000E+00   0.000000000E+00   0.000000000E+00   0.000000000E+00   0.000000000E+00   0.000000000E+00   0.000000000E+00   0.000000000E+00   0.000000000E+00   0.000000000E+00   0.000000000E+00   0.000000000E+00  -1.807247519E+00  -1.812761068E+00  -7.090730220E-02   2.747111797E+00  -4.223079300E+01   3.017731934E+02  -4.675229263E+01   4.148722649E+00  -1.406395733E-01  -4.976398945E+00  -5.650340557E+00   0.000000000E+00   0.000000000E+00   0.000000000E+00   0.000000000E+00   0.000000000E+00   0.000000000E+00   0.000000000E+00
   0.000000000E+00   0.000000000E+00   0.000000000E+00   0.000000000E+00   0.000000000E+00   0.000000000E+00   0.000000000E+00   0.000000000E+00   0.000000000E+00   0.000000000E+00   0.000000000E+00   0.000000000E+00   0.000000000E+00   0.000000000E+00   0.000000000E+00   0.000000000E+00   0.000000000E+00   0.000000000E+00   0.000000000E+00   0.000000000E+00  -1.870800495E+00  -2.191391706E+00  -7.877179980E-02   3.282427788E+00  -4.675229263E+01   3.351173706E+02  -5.927405930E+01   5.446649075E+00  -1.788143665E-01  -6.080005646E+00  -7.532760143E+00   0.000000000E+00   0.000000000E+00   0.000000000E+00   0.000000000E+00   0.000000000E+00   0.000000000E+00
   0.000000000E+00   0.000000000E+00   0.000000000E+00   0.000000000E+00   0.000000000E+00   0.000000000E+00   0.000000000E+00   0.000000000E+00   0.000000000E+00   0.000000000E+00   0.000000000E+00   0.000000000E+00   0.000000000E+00   0.000000000E+00   0.000000000E+00   0.000000000E+00   0.000000000E+00   0.000000000E+00   0.000000000E+00   0.000000000E+00   0.000000000E+00  -2.581977367E+00  -2.779363394E+00  -1.074571013E-01   4.148722649E+00  -5.927405930E+01   4.850697327E+02  -8.884339905E+01   7.906235218E+00  -2.494231015E-01  -9.253988266E+00  -1.109364986E+01   0.000000000E+00   0.000000000E+00   0.000000000E+00   0.000000000E+00   0.000000000E+00
   0.000000000E+00   0.000000000E+00   0.000000000E+00   0.000000000E+00   0.000000000E+00   0.000000000E+00   0.000000000E+00   0.000000000E+00   0.000000000E+00   0.000000000E+00   0.000000000E+00   0.000000000E+00   0.000000000E+00   0.000000000E+00   0.000000000E+00   0.000000000E+00   0.000000000E+00   0.000000000E+00   0.000000000E+00   0.000000000E+00   0.000000000E+00   0.000000000E+00  -3.391024828E+00  -3.926114082E+00  -1.406395733E-01   5.446649075E+00  -8.884339905E+01   7.528663940E+02  -1.335422668E+02   1.141976738E+01  -3.931107521E-01  -1.411245346E+01  -1.688876915E+01   0.000000000E+00   0.000000000E+00   0.000000000E+00   0.000000000E+00
   0.000000000E+00   0.000000000E+00   0.000000000E+00   0.000000000E+00   0.000000000E+00   0.000000000E+00   0.000000000E+00   0.000000000E+00   0.000000000E+00   0.000000000E+00   0.000000000E+00   0.000000000E+00   0.000000000E+00   0.000000000E+00   0.000000000E+00   0.000000000E+00   0.000000000E+00   0.000000000E+00   0.000000000E+00   0.000000000E+00   0.000000000E+00   0.000000000E+00   0.000000000E+00  -4.639043331E+00  -4.976398945E+00  -1.788143665E-01   7.906235218E+00  -1.335422668E+02   1.095951538E+03  -1.868039856E+02   1.743072128E+01  -5.805883408E-01  -2.080682945E+01  -2.528400040E+01   0.000000000E+00   0.000000000E+00   0.000000000E+00
   0.000000000E+00   0.000000000E+00   0.000000000E+00   0.000000000E+00   0.000000000E+00   0.000000000E+00   0.000000000E+00   0.000000000E+00   0.000000000E+00   0.000000000E+00   0.000000000E+00   0.000000000E+00   0.000000000E+00   0.000000000E+00   0.000000000E+00   0.000000000E+00   0.000000000E+00   0.000000000E+00   0.000000000E+00   0.000000000E+00   0.000000000E+00   0.000000000E+00   0.000000000E+00   0.000000000E+00  -5.650340557E+00  -6.080005646E+00  -2.494231015E-01   1.141976738E+01  -1.868039856E+02   1.473169312E+03  -2.739921570E+02   2.473789024E+01  -8.225563169E-01  -2.993282127E+01  -3.533831406E+01   0.000000000E+00   0.000000000E+00
   0.000000000E+00   0.000000000E+00   0.000000000E+00   0.000000000E+00   0.000000000E+00   0.000000000E+00   0.000000000E+00   0.000000000E+00   0.000000000E+00   0.000000000E+00   0.000000000E+00   0.000000000E+00   0.000000000E+00   0.000000000E+00   0.000000000E+00   0.000000000E+00   0.000000000E+00   0.000000000E+00   0.000000000E+00   0.000000000E+00   0.000000000E+00   0.000000000E+00   0.000000000E+00   0.000000000E+00   0.000000000E+00  -7.532760143E+00  -9.253988266E+00  -3.931107521E-01   1.743072128E+01  -2.739921570E+02   2.357737061E+03  -4.243031006E+02   3.824289322E+01  -1.291213632E+00  -4.564974976E+01  -5.938669205E+01   0.000000000E+00
   0.000000000E+00   0.000000000E+00   0.000000000E+00   0.000000000E+00   0.000000000E+00   0.000000000E+00   0.000000000E+00   0.000000000E+00   0.000000000E+00   0.000000000E+00   0.000000000E+00   0.000000000E+00   0.000000000E+00   0.000000000E+00   0.000000000E+00   0.000000000E+00   0.000000000E+00   0.000000000E+00   0.000000000E+00   0.000000000E+00   0.000000000E+00   0.000000000E+00   0.000000000E+00   0.000000000E+00   0.000000000E+00   0.000000000E+00  -1.109364986E+01  -1.411245346E+01  -5.805883408E-01   2.473789024E+01  -4.243031006E+02   3.532879150E+03  -6.346869507E+02   5.808694077E+01  -1.905391335E+00  -7.422959137E+01  -8.756159210E+01
   0.000000000E+00   0.000000000E+00   0.000000000E+00   0.000000000E+00   0.000000000E+00   0.000000000E+00   0.000000000E+00   0.000000000E+00   0.000000000E+00   0.000000000E+00   0.000000000E+00   0.000000000E+00   0.000000000E+00   0.000000000E+00   0.000000000E+00   0.000000000E+00   0.000000000E+00   0.000000000E+00   0.000000000E+00   0.000000000E+00   0.000000000E+00   0.000000000E+00   0.000000000E+00   0.000000000E+00   0.000000000E+00   0.000000000E+00   0.000000000E+00  -1.688876915E+01  -2.080682945E+01  -8.225563169E-01   3.824289322E+01  -6.346869507E+02   5.275481934E+03  -9.623594971E+02   8.556862640E+01  -3.092949390E+00  -1.092575760E+02
   0.000000000E+00   0.000000000E+00   0.000000000E+00   0.000000000E+00   0.000000000E+00   0.000000000E+00   0.000000000E+00   0.000000000E+00   0.000000000E+00   0.000000000E+00   0.000000000E+00   0.000000000E+00   0.000000000E+00   0.000000000E+00   0.000000000E+00   0.000000000E+00   0.000000000E+00   0.000000000E+00   0.000000000E+00   0.000000000E+00   0.000000000E+00   0.000000000E+00   0.000000000E+00   0.000000000E+00   0.000000000E+00   0.000000000E+00   0.000000000E+00   0.000000000E+00  -2.528400040E+01  -2.993282127E+01  -1.291213632E+00   5.808694077E+01  -9.623594971E+02   8.122398438E+03  -1.439520386E+03   1.410417175E+02  -4.622657299E+00
   0.000000000E+00   0.000000000E+00   0.000000000E+00   0.000000000E+00   0.000000000E+00   0.000000000E+00   0.000000000E+00   0.000000000E+00   0.000000000E+00   0.000000000E+00   0.000000000E+00   0.000000000E+00   0.000000000E+00   0.000000000E+00   0.000000000E+00   0.000000000E+00   0.000000000E+00   0.000000000E+00   0.000000000E+00   0.000000000E+00   0.000000000E+00   0.000000000E+00   0.000000000E+00   0.000000000E+00   0.000000000E+00   0.000000000E+00   0.000000000E+00   0.000000000E+00   0.000000000E+00  -3.533831406E+01  -4.564974976E+01  -1.905391335E+00   8.556862640E+01  -1.439520386E+03   1.180383398E+04  -2.305202881E+03   2.047975769E+02
   0.000000000E+00   0.000000000E+00   0.000000000E+00   0.000000000E+00   0.000000000E+00   0.000000000E+00   0.000000000E+00   0.000000000E+00   0.000000000E+00   0.000000000E+00   0.000000000E+00   0.000000000E+00   0.000000000E+00   0.000000000E+00   0.000000000E+00   0.000000000E+00   0.000000000E+00   0.000000000E+00   0.000000000E+00   0.000000000E+00   0.000000000E+00   0.000000000E+00   0.000000000E+00   0.000000000E+00   0.000000000E+00   0.000000000E+00   0.000000000E+00   0.000000000E+00   0.000000000E+00   0.000000000E+00  -5.938669205E+01  -7.422959137E+01  -3.092949390E+00   1.410417175E+02  -2.305202881E+03   2.082892969E+04  -3.688407715E+03
   0.000000000E+00   0.000000000E+00   0.000000000E+00   0.000000000E+00   0.000000000E+00   0.000000000E+00   0.000000000E+00   0.000000000E+00   0.000000000E+00   0.000000000E+00   0.000000000E+00   0.000000000E+00   0.000000000E+00   0.000000000E+00   0.000000000E+00   0.000000000E+00   0.000000000E+00   0.000000000E+00   0.000000000E+00   0.000000000E+00   0.000000000E+00   0.000000000E+00   0.000000000E+00   0.000000000E+00   0.000000000E+00   0.000000000E+00   0.000000000E+00   0.000000000E+00   0.000000000E+00   0.000000000E+00   0.000000000E+00  -8.756159210E+01  -1.092575760E+02  -4.622657299E+00   2.047975769E+02  -3.688407715E+03   3.021917578E+04
